0 0.389810
1 0.766468
2 0.866120
3 0.883607
4 0.870071
5 0.870078
6 0.871137
7 0.870265
8 0.870526
9 0.871486
10 0.872065
0 0.872065
1 0.872524
2 0.872961
3 0.873334
4 0.873618
5 0.873856
6 0.874067
7 0.874225
8 0.874362
9 0.874501
10 0.874644
11 0.874790
12 0.874977
13 0.875168
14 0.875435
15 0.875739
16 0.875942
17 0.876054
18 0.876110
19 0.876141
20 0.876160
21 0.876178
22 0.876193
23 0.876157
24 0.876142
25 0.876131
26 0.876134
27 0.876158
28 0.876195
29 0.876247
30 0.876300
31 0.876334
32 0.876375
33 0.876436
34 0.876461
35 0.876528
36 0.876613
37 0.876699
38 0.876724
39 0.876660
40 0.876633
41 0.876706
42 0.877168
43 0.877465
44 0.877634
45 0.877769
46 0.877880
47 0.877959
48 0.878012
49 0.878049
50 0.878110
51 0.878222
52 0.878304
53 0.878305
54 0.878340
55 0.878369
56 0.878393
57 0.878422
58 0.878428
0 0.878428
1 0.878447
2 0.878477
3 0.878512
4 0.878610
5 0.878662
6 0.878673
7 0.878702
8 0.878683
9 0.878727
10 0.878708
11 0.878714
12 0.878794
13 0.878804
14 0.878736
15 0.878656
16 0.878640
17 0.878677
18 0.878697
19 0.878674
20 0.878759
21 0.878826
22 0.878819
23 0.878768
24 0.878672
25 0.878686
26 0.878685
27 0.878542
28 0.878413
29 0.878412
30 0.878449
31 0.878464
32 0.878494
33 0.878590
34 0.878622
35 0.878577
36 0.878480
37 0.878386
38 0.878218
39 0.877870
40 0.837693
41 0.833247
42 0.831517
43 0.830348
44 0.829058
45 0.828349
