0 0.333333
1 0.719408
2 0.735664
3 0.798321
4 0.844647
5 0.846265
6 0.846952
7 0.847033
8 0.847092
9 0.847169
0 0.847169
1 0.847201
2 0.847208
3 0.847214
4 0.847219
5 0.847223
6 0.847227
7 0.847230
8 0.847233
9 0.847235
10 0.847238
11 0.847239
12 0.847241
13 0.847243
14 0.847244
15 0.847245
16 0.847246
17 0.847247
18 0.847248
19 0.847249
20 0.847250
21 0.847251
22 0.847252
23 0.847252
24 0.847253
25 0.847254
26 0.847254
27 0.847255
28 0.847255
29 0.847256
30 0.847257
31 0.847257
32 0.847258
33 0.847258
34 0.847259
35 0.847259
36 0.847260
37 0.847260
38 0.847261
0 0.847261
1 0.847261
2 0.847262
3 0.847262
4 0.847262
5 0.847262
6 0.847262
7 0.847262
8 0.847263
9 0.847263
10 0.847262
11 0.847263
12 0.847263
13 0.847263
14 0.847263
15 0.847262
16 0.847262
17 0.847262
0 0.743035 1.309488
1 0.743035 1.013675
2 0.743035 0.993900
3 0.743035 0.846408
4 0.743035 0.825037
5 0.743035 0.824343
6 0.743035 0.824058
7 0.743035 0.823796
8 0.743035
0 0.743035 0.823720
1 0.743035 0.823715
2 0.743035 0.823641
3 0.743035 0.823564
4 0.743035 0.823534
5 0.743035 0.823533
6 0.743035 0.823535
7 0.743035 0.823536
8 0.743035 0.823538
9 0.743035 0.823538
10 0.743035 0.823539
11 0.743035 0.823546
12 0.743035 0.823563
13 0.743035 0.823590
14 0.743035 0.823628
15 0.743035 0.823677
16 0.743035 0.823739
17 0.743035 0.823811
18 0.743035
0 0.433547 1.133570
