0 0.500000 1.000000
1 0.830696 0.660410
2 0.830476 0.617489
3 0.829304 0.600057
4 0.829231 0.575092
0 0.829231 0.575092
1 0.830037 0.473731
2 0.830476 0.442529
3 0.830476 0.430627
4 0.830476 0.424538
0 0.830476 0.424538
1 0.831282 0.393311
2 0.831209 0.387455
3 0.831282 0.385000
0 0.831282 0.385000
1 0.831868 0.368423
2 0.832015 0.364779
3 0.832015 0.362066
0 0.832015 0.362066
1 0.832527 0.354888
2 0.832601 0.352506
3 0.832674 0.350777
0 0.832674 0.350777
1 0.833553 0.346894
0 0.833553 0.346894
1 0.833626 0.345536
2 0.833626 0.344500
0 0.833626 0.344500
1 0.835238 0.342584
2 0.835311 0.341865
3 0.835311 0.341261
4 0.835311 0.340745
5 0.835311 0.340298
6 0.835311 0.339906
7 0.835311 0.339559
8 0.835385 0.339248
9 0.835385 0.338966
10 0.835531 0.338711
11 0.835531 0.338477
12 0.835531 0.338262
13 0.835531 0.338064
14 0.835531 0.337881
15 0.835531 0.337712
16 0.835531 0.337554
17 0.835531 0.337408
18 0.835531 0.337271
19 0.835531 0.337143
20 0.835531 0.337024
0 0.835531 0.337024
1 0.835092 0.337061
2 0.835092 0.336985
3 0.835092 0.336915
4 0.835092 0.336851
5 0.835092 0.336791
6 0.835092 0.336737
7 0.835092 0.336687
8 0.835018 0.336643
9 0.835018 0.336603
10 0.835018 0.336567
11 0.835018 0.336535
12 0.835018 0.336508
13 0.835018 0.336484
14 0.835018 0.336464
15 0.835018 0.336447
16 0.835018 0.336434
17 0.835018 0.336425
18 0.835018 0.336418
19 0.834945 0.336415
20 0.834945 0.336414
21 0.834945 0.336417
22 0.834872 0.336423
23 0.834799 0.336431
24 0.834799 0.336442
25 0.834799 0.336455
26 0.834799 0.336471
27 0.834725 0.336488
28 0.834725 0.336508
29 0.834725 0.336531
0 0.831429 0.342576
1 0.829524 0.344691
2 0.845861 0.302820
3 0.832015 0.331714
4 0.821392 0.339845
5 0.824469 0.349189
6 0.526960 0.645099
7 0.525861 0.674704
8 0.526813 0.858729
9 0.532381 0.842278
10 0.534212 0.708502
11 0.534286 0.661032
12 0.533919 0.652256
13 0.533114 0.651534
14 0.532894 0.650929
15 0.534579 0.649388
16 0.536044 0.645885
17 0.840293 0.626320
18 0.842125 0.542387
19 0.843590 0.475008
20 0.844396 0.447346
21 0.844542 0.452446
22 0.844469 0.453741
23 0.844396 0.459040
24 0.843810 0.480294
25 0.843443 0.497028
26 0.842784 0.506067
27 0.842125 0.510889
28 0.841832 0.512760
29 0.841612 0.525538
30 0.840586 0.548653
31 0.839634 0.570344
32 0.838901 0.589717
33 0.838168 0.608838
34 0.837509 0.625448
35 0.836703 0.637860
36 0.835751 0.645623
37 0.532234 0.650304
38 0.531282 0.653395
