0 0.333333 2.000000
1 0.333333 1.332284
2 0.333333 1.333540
3 0.333333 1.320641
0 0.333333 1.320641
1 0.333333 1.325348
2 0.337485 1.322147
3 0.338071 1.322702
4 0.337045 1.324183
5 0.336801 1.323904
6 0.335971 1.323219
7 0.335092 1.321826
8 0.335189 1.319115
9 0.335482 1.318525
10 0.335482 1.316307
11 0.335287 1.312645
12 0.335287 1.309666
13 0.335336 1.308145
14 0.335092 1.307377
15 0.334896 1.306873
16 0.334701 1.306398
0 0.334701 1.306398
1 0.333333 1.331001
2 0.333333 1.332759
3 0.333333 1.331049
0 0.334701 1.306398
1 0.334017 1.319930
2 0.333871 1.317988
3 0.333675 1.321223
4 0.333431 1.324949
